start=18.754524
volume=63.000000
