start=2851.057000
volume=78.000000
sub-scale=0.500000
