start=3670.170420
volume=123.000000
aid=1
