start=7036.250000
volume=129.000000
sub-scale=0.700000
