start=2782.806000
pause=yes
volume=109.000000
