start=1164.955000
pause=yes
volume=91.000000
