start=6215.166667
volume=101.000000
