start=3041.295000
volume=74.000000
sid=2
sub-pos=91
sub-scale=0.700000
