start=729.778000
volume=92.000000
sid=2
sub-scale=0.800000
