start=1382.287000
volume=0.000000
