start=3237.192000
volume=113.000000
sub-scale=0.600000
