start=1509.508000
volume=95.000000
sub-visibility=no
