start=1511.600000
volume=65.000000
mute=yes
