start=178.620422
pause=yes
volume=190.000000
