start=761.260500
volume=83.000000
