start=53.958333
pause=yes
volume=141.000000
