start=1363.367000
volume=85.000000
