start=89.625000
pause=yes
volume=58.000000
