start=3241.947000
volume=104.000000
