start=3078.701000
volume=61.000000
aid=1
sid=1
sub-scale=0.800000
