start=3808.888000
volume=52.000000
sid=2
sub-pos=93
sub-scale=0.700000
