start=493.201000
pause=yes
volume=38.000000
fullscreen=yes
sid=1
sub-scale=0.600000
