start=2489.904000
volume=160.000000
fullscreen=yes
sid=2
