start=2705.369000
pause=yes
volume=69.000000
sub-scale=0.800000
