start=2344.451000
volume=94.000000
mute=yes
