start=604.604000
volume=82.000000
fullscreen=yes
