start=97.060000
volume=127.000000
sid=1
sub-scale=0.800000
