start=1296.378000
pause=yes
volume=84.000000
sid=1
sub-scale=0.800000
