start=2144.144144
volume=80.000000
