start=2812.499000
pause=yes
volume=84.000000
sid=2
sub-delay=-3.999999
sub-scale=0.800000
