start=3374.503000
volume=93.000000
sid=1
sub-scale=0.900000
