start=1287.369000
pause=yes
volume=98.000000
sub-scale=0.600000
