start=1288.662000
volume=79.000000
