start=1895.835000
volume=71.000000
deinterlace=yes
sub-scale=0.800000
