start=617.366750
pause=yes
volume=72.000000
