start=3276.940000
pause=yes
volume=93.000000
sid=1
sub-scale=0.700000
