start=2947.361000
volume=69.000000
mute=yes
sub-delay=10.600004
