start=3065.069000
volume=106.000000
sid=1
sub-pos=91
sub-scale=0.600000
