start=1504.440000
volume=34.000000
sub-scale=0.700000
