start=3261.362000
pause=yes
volume=93.000000
sub-pos=92
sub-scale=0.500000
