start=155.954000
sub-scale=0.800000
