start=5770.056000
volume=77.000000
sid=2
sub-scale=0.700000
