start=41.268994
volume=53.000000
sub-pos=99
