start=164.497667
pause=yes
volume=91.000000
