start=1286.660000
pause=yes
volume=143.000000
