start=1544.084000
volume=104.000000
sid=1
sub-scale=0.900000
