start=2581.287000
pause=yes
volume=90.000000
aid=1
sid=2
sub-delay=-3.599998
sub-scale=0.900000
