start=2453.660000
pause=yes
volume=98.000000
sid=2
sub-pos=91
sub-scale=0.600000
