start=7164.292000
pause=yes
volume=124.000000
sid=2
sub-scale=0.700000
