start=1498.747000
volume=62.000000
