start=2.500000
volume=112.000000
