start=10.094500
volume=78.000000
