start=1535.284000
volume=130.000000
sid=1
sub-scale=0.800000
