start=1482.542000
pause=yes
volume=149.000000
mute=yes
aid=2
sid=2
sub-pos=99
