start=6199.323000
volume=50.000000
