start=6175.732000
volume=56.000000
fullscreen=yes
sid=1
