start=2718.595000
volume=74.000000
