start=2739.737000
volume=127.000000
sid=2
sub-pos=91
sub-scale=0.600000
