start=1461.835375
volume=77.000000
