start=2818.190000
pause=yes
volume=92.000000
sub-scale=0.700000
