start=197.930077
volume=80.000000
