start=5908.903000
volume=44.000000
mute=yes
