start=4269.432000
pause=yes
volume=70.000000
sid=3
sub-pos=92
sub-scale=0.500000
