start=2727.537000
volume=77.000000
