start=31.431400
volume=73.000000
