start=1414.780589
volume=2.000000
