start=1783.158158
volume=78.000000
