start=1091.674000
pause=yes
volume=0.000000
