start=48.089708
volume=94.000000
