start=1137.101000
pause=yes
volume=57.000000
sub-scale=0.700000
