start=76.201000
volume=124.000000
