start=844.811000
pause=yes
volume=129.000000
