start=1550.174000
volume=107.000000
