start=1128.084000
volume=80.000000
