start=23.497968
volume=77.000000
