start=375.500000
volume=97.000000
