start=1358.072000
pause=yes
volume=130.000000
sid=1
sub-scale=0.700000
