start=510.844000
pause=yes
volume=64.000000
