start=1025.191000
pause=yes
volume=85.000000
aid=1
sid=1
sub-scale=0.700000
