start=1284.742000
pause=yes
volume=67.000000
