start=10.620214
pause=yes
volume=96.000000
