start=2407.768938
pause=yes
volume=117.000000
