start=2879.938726
speed=1.300000
pause=yes
volume=77.000000
