start=673.464000
pause=yes
volume=82.000000
