start=2916.747000
pause=yes
volume=109.000000
