start=1348.847000
volume=84.000000
