start=843.759000
volume=70.000000
