start=1189.521667
pause=yes
volume=55.000000
