start=77.777263
volume=43.000000
sub-scale=0.900000
