start=1.496656
speed=1.300000
volume=67.000000
aid=1
