start=2893.307000
pause=yes
volume=145.000000
sub-scale=0.700000
