start=1550.174000
volume=52.000000
sid=1
sub-scale=0.900000
