start=915.438000
pause=yes
volume=115.000000
