start=1828.639000
pause=yes
volume=174.000000
sid=1
