start=5731.397000
pause=yes
volume=126.000000
sid=1
sub-pos=88
sub-scale=0.800000
