start=20.866667
pause=yes
volume=79.000000
