start=1364.613000
volume=98.000000
sid=1
