start=3023.145125
volume=123.000000
sub-scale=0.700000
