start=6492.069000
volume=112.000000
brightness=1
sub-scale=0.800000
