start=2006.345000
volume=68.000000
sid=1
