start=3198.362000
volume=120.000000
sid=2
sub-scale=0.700000
