start=2616.113000
fullscreen=yes
sid=2
sub-pos=91
sub-scale=0.700000
