start=2654.394450
speed=1.300000
pause=yes
volume=81.000000
aid=1
