start=2942.148000
volume=44.000000
sid=1
sub-scale=0.600000
