start=1356.813792
volume=62.000000
