start=1408.454000
volume=59.000000
fullscreen=yes
