start=67.567000
volume=92.000000
fullscreen=yes
sid=2
sub-pos=94
sub-scale=0.800000
