start=6527.154000
volume=81.000000
sid=1
