start=3010.264000
sid=1
sub-scale=0.700000
