start=1360.984625
volume=128.000000
