start=858.945742
volume=42.000000
