start=3101.557000
volume=54.000000
sid=2
sub-scale=0.600000
