start=1293.417000
pause=yes
volume=77.000000
aid=1
sid=2
sub-scale=0.800000
