start=2792.665000
volume=98.000000
sid=2
sub-scale=0.700000
