start=650.341000
volume=83.000000
mute=yes
