start=748.372625
volume=90.000000
