start=4.776690
volume=72.000000
